15 12 9 22 14  18 11 8 6 14  23 12 15 12 9  8 18 7  26 14 22 7 , 
24 12 13 8 22 24 7 22 7 6 9  26 23 18 11 18 8 24 18 13 20  22 15 18 7 , 
8 22 23  23 12  22 18 6 8 14 12 23  7 22 14 11 12 9  18 13 24 18 23 18 23 6 13 7 
6 7  15 26 25 12 9 22  22 7  23 12 15 12 9 22  14 26 20 13 26  26 15 18 10 6 26 . 
6 7  22 13 18 14  26 23  14 18 13 18 14  5 22 13 18 26 14 , 10 6 18 8  13 12 8 7 9 6 23  
22 3 22 9 24 18 7 26 7 18 12 13  6 15 15 26 14 24 12  15 26 25 12 9 18 8  
13 18 8 18  6 7  26 15 18 10 6 18 11  22 3  22 26  24 12 14 14 12 23 12  24 12 13 8 22 10 6 26 7 . 
23 6 18 8  26 6 7 22  18 9 6 9 22  23 12 15 12 9  18 13  
9 22 11 9 22 19 22 13 23 22 9 18 7  18 13  5 12 15 6 11 7 26 7 22  5 22 15 18 7  22 8 8 22  
24 18 15 15 6 14  23 12 15 12 9 22  22 6  21 6 20 18 26 7  13 6 15 15 26  11 26 9 18 26 7 6 9 . 
22 3 24 22 11 7 22 6 9  8 18 13 7  12 24 24 26 22 24 26 7  24 6 11 18 23 26 7 26 7  13 12 13  11 9 12 18 23 22 13 7 , 
8 6 13 7  18 13  24 6 15 11 26  10 6 18  12 21 21 18 24 18 26  23 22 8 22 9 6 13 7  14 12 15 15 18 7  26 13 18 14  18 23  22 8 7  15 26 25 12 9 6 14 .